gpu     4096            0.196   64      64
gpu     8192            0.198   128     64
gpu     16384           0.212   256     64
gpu     32768           0.226   512     64
gpu     65536           0.205   1024    64
gpu     131072          0.237   2048    64
gpu     262144          0.307   4096    64
gpu     524288          0.339   8192    64
gpu     1048576         0.435   16384   64
gpu     2097152         0.531   32768   64
gpu     4194304         0.671   65536   64
gpu     8388608         0.976   131072  64
gpu     16777216        1.595   262144  64
gpu     8192            0.197   64      128
gpu     16384           0.202   128     128
gpu     32768           0.201   256     128
gpu     65536           0.218   512     128
gpu     131072          0.242   1024    128
gpu     262144          0.306   2048    128
gpu     524288          0.333   4096    128
gpu     1048576         0.404   8192    128
gpu     2097152         0.497   16384   128
gpu     4194304         0.627   32768   128
gpu     8388608         0.889   65536   128
gpu     16777216        1.412   131072  128
gpu     33554432        2.418   262144  128
gpu     16384           0.22    64      256
gpu     32768           0.207   128     256
gpu     65536           0.216   256     256
gpu     131072          0.232   512     256
gpu     262144          0.3     1024    256
gpu     524288          0.332   2048    256
gpu     1048576         0.415   4096    256
gpu     2097152         0.502   8192    256
gpu     4194304         0.626   16384   256
gpu     8388608         0.904   32768   256
gpu     16777216        1.413   65536   256
gpu     33554432        2.439   131072  256
gpu     67108864        4.534   262144  256
gpu     32768           0.223   64      512
gpu     65536           0.202   128     512
gpu     131072          0.236   256     512
gpu     262144          0.302   512     512
gpu     524288          0.338   1024    512
gpu     1048576         0.418   2048    512
gpu     2097152         0.496   4096    512
gpu     4194304         0.636   8192    512
gpu     8388608         0.916   16384   512
gpu     16777216        1.425   32768   512
gpu     33554432        2.47    65536   512
gpu     67108864        4.554   131072  512
gpu     134217728       8.756   262144  512
gpu     65536           0.217   64      1024
gpu     131072          0.227   128     1024
gpu     262144          0.279   256     1024
gpu     524288          0.318   512     1024
gpu     1048576         0.391   1024    1024
gpu     2097152         0.476   2048    1024
gpu     4194304         0.624   4096    1024
gpu     8388608         0.87    8192    1024
gpu     16777216        1.355   16384   1024
gpu     33554432        2.36    32768   1024
gpu     67108864        4.362   65536   1024
gpu     134217728       8.342   131072  1024
gpu     268435456       16.402  262144  1024

cpu     65536           0.220
cpu     131072          0.420
cpu     262144          0.838
cpu     524288          1.822
cpu     1048576         3.396
cpu     2097152         7.169
cpu     4194304         13.929
cpu     8388608         28.126
cpu     16777216        54.685
cpu     33554432        109.144
cpu     67108864        224.951
cpu     134217728       441.313
cpu     268435456       1059.966