0.04348707199   	0.06715416908   	0.02111101151   	0.1601879597    	0.01755595207   	0.3346130848
0.0352268219    	0.0685839653    	0.01768302917   	0.1483240128    	0.01731300354   	0.3106651306
0.03944993019   	0.06732487679   	0.01809096336   	0.1514008045    	0.01661705971   	0.3173341751
0.05158209801   	0.04887795448   	0.03224110603   	0.06408405304   	0.01773881912   	0.2464299202
0.04978919029   	0.04794001579   	0.0309510231    	0.05470705032   	0.01663589478   	0.2306501865
0.05001020432   	0.04858708382   	0.03216814995   	0.0533850193    	0.01591300964   	0.2303719521
0.06371808052   	0.04835391045   	0.02971315384   	0.03515195847   	0.01982998848   	0.2366888523
0.061606884     	0.04812502861   	0.02929496765   	0.03839802742   	0.02061486244   	0.2418169975
0.0675008297    	0.05148291588   	0.03029894829   	0.03689694405   	0.02031803131   	0.2462229729
0.07729101181   	0.04105210304   	0.03345704079   	0.03183913231   	0.02878022194   	0.2653329372
0.07716584206   	0.04352092743   	0.03030800819   	0.02847790718   	0.0287539959    	0.2639510632
0.07456088066   	0.04338908195   	0.02957987785   	0.03370594978   	0.02579307556   	0.2585878372
0.09262704849   	0.04671502113   	0.03074812889   	0.02529191971   	0.02568101883   	0.2816359997
0.09049701691   	0.04954218864   	0.02973389626   	0.02141499519   	0.02408790588   	0.2771959305
0.09117412567   	0.04842805862   	0.02947211266   	0.02162694931   	0.02228689194   	0.2775871754
0.09928417206   	0.04535889626   	0.03133797646   	0.01739907265   	0.02130103111   	0.2841470242
0.09867310524   	0.04672217369   	0.02661705017   	0.01909089088   	0.02223587036   	0.2834980488
0.1028130054    	0.04790997505   	0.03253602982   	0.0185251236    	0.02448105812   	0.3007171154
0.1117830276    	0.04381203651   	0.02963781357   	0.01487112045   	0.02194094658   	0.2989161015
0.1136300564    	0.04294514656   	0.0303478241    	0.01531386375   	0.02169799805   	0.3017799854
0.1115880013    	0.04179501534   	0.02958106995   	0.01495599747   	0.0230050087    	0.2977011204
0.1239440441    	0.0404419899    	0.03015804291   	0.01355290413   	0.02894496918   	0.3263990879
0.1224148273    	0.03988790512   	0.03040599823   	0.01359200478   	0.02786207199   	0.3216021061
0.1238560677    	0.04034304619   	0.03032803535   	0.01368713379   	0.02202296257   	0.3188910484
0.1379339695    	0.0492811203    	0.02954006195   	0.01600503922   	0.02686095238   	0.3586819172
0.1373119354    	0.04568696022   	0.02907395363   	0.01549196243   	0.02707910538   	0.3531279564
0.1438231468    	0.04883599281   	0.02795481682   	0.01753902435   	0.02992987633   	0.3685929775
0.1465759277    	0.04758810997   	0.02714896202   	0.01436495781   	0.02655887604   	0.3738100529
0.1495571136    	0.04812002182   	0.02708601952   	0.01676797867   	0.0295188427    	0.3801100254
0.1481630802    	0.04938101768   	0.02356290817   	0.01652598381   	0.03012299538   	0.3786180019
0.1634991169    	0.04742789268   	0.02579307556   	0.01387906075   	0.0277659893    	0.4009230137
0.1597909927    	0.04824399948   	0.02614998817   	0.01437902451   	0.02763390541   	0.3966221809
0.1571910381    	0.04699397087   	0.0262761116    	0.01372504234   	0.02784395218   	0.3953990936
0.1719329357    	0.04666495323   	0.02469491959   	0.01381492615   	0.02894020081   	0.4183452129
0.1700799465    	0.04472613335   	0.02552390099   	0.01415586472   	0.02793908119   	0.4167728424
0.1681950092    	0.04746603966   	0.0250351429    	0.0132791996    	0.02919793129   	0.4135890007
0.1823680401    	0.04697608948   	0.02479195595   	0.01309204102   	0.02625608444   	0.4347810745
0.1822810173    	0.04625701904   	0.02477788925   	0.01283407211   	0.02650594711   	0.4336650372
0.1821448803    	0.04786801338   	0.02434301376   	0.01296806335   	0.02650094032   	0.4351260662
0.1933128834    	0.0470559597    	0.02419686317   	0.01218509674   	0.02790617943   	0.4604980946
0.1937580109    	0.05273795128   	0.03566789627   	0.02368187904   	0.03761506081   	0.5026190281
0.1972239017    	0.04700088501   	0.02409100533   	0.01230192184   	0.02813696861   	0.4635000229
0.209373951     	0.04655385017   	0.02135396004   	0.01241803169   	0.02882695198   	0.4851150513
0.209624052     	0.04525184631   	0.02292609215   	0.01171112061   	0.02853512764   	0.4836239815
0.2058272362    	0.04632687569   	0.02248215675   	0.01186704636   	0.0270922184    	0.4801051617
0.2217590809    	0.04507899284   	0.02336001396   	0.01103591919   	0.03807997704   	0.513646841
0.216531992     	0.04535007477   	0.02251505852   	0.01096916199   	0.03721404076   	0.5131230354
0.2433991432    	0.0450720787    	0.02266812325   	0.01188516617   	0.0374751091    	0.5363829136