MESSAGE SIZES
1
2
4
8
16
32
64
128
256
512
1024
2048
4096


ONE NODE SHARED MEMORY
====Standard====
Latency: 0.901367 ms
3.59
7.15
13.89
26.24
46.11
94.42
166.98
310.54,
593.19,
1098.32
1921.70
2847.69
3703.71
====Buffered====
Latency: 0.114502 ms
0.66
1.33
2.65
5.29
10.56
21.17
41.53
80.49
154.86
299.80
564.70
965.12
1528.19

ONE NODE NET
====Standard====
Latency: 1.733154 ms
0.08
0.15
0.31
0.61
1.23
2.40
4.78
9.50
18.94
37.43
53.11
102.96
198.20
====Buffered====
Latency: 0.449219 ms
0.06
0.13
0.25
0.50
1.01
2.01
4.01
7.96
15.79
31.21
46.02
89.16
172.35

TWO NODES SAME HOST NET
====Standard====
Latency: 3.459961 ms
0.07
0.15
0.29
0.58
1.17
2.28
4.55
9.05
17.99
35.72
50.05
97.22
189.57
====Buffered====
Latency: 2.660400 ms
0.06
0.13
0.26
0.52
1.03
2.06
4.11
8.19
16.15
31.84
46.42
89.34
172.95

TWO NODES OTHER HOST NET
====Standard====
Latency: 2.119385 ms
0.01
0.02
0.04
0.09
0.18
0.35
0.65
1.30
2.79
5.20
9.17
10.78
17.76
====Buffered====
Latency: 25.946777 ms
0.01
0.02
0.04
0.08
0.16
0.32
0.65
1.38
2.58
5.14
8.63
11.17
17.78